[app/ui]
version = 9.0.1
modtime = 1662645176.170455000

[app/launcher]
version = 9.0.1
modtime = 1662645176.171252000
