[app/ui]
version = 9.0.1
modtime = 1661771905.647940000

[app/launcher]
version = 9.0.1
modtime = 1661771905.649248000
